0 1 0.57
0 2 0.48
0 3 0.6
0 4 0.28
0 5 0.35
0 6 0.53
0 7 0.27
0 8 0.58
0 9 0.26
0 10 0.61
4 11 0.58
6 12 0.63
6 13 0.6
6 14 0.52
6 15 0.57
6 16 0.41
6 17 0.55
6 18 0.53
6 19 0.33
6 20 0.65
6 21 0.64
12 22 0.39
12 23 0.26
12 24 0.38
12 25 0.39
12 26 0.26
12 27 0.29
12 28 0.48
12 29 0.33
12 30 0.57
12 31 0.4
13 32 0.62
13 33 0.4
13 34 0.61
13 35 0.59
13 36 0.44
13 37 0.42
13 38 0.63
13 39 0.64
13 40 0.75
13 41 0.73
15 42 0.5
15 43 0.61
15 44 0.33
15 45 0.47
15 46 0.66
15 47 0.7
15 48 0.31
15 49 0.5
15 50 0.5
15 51 0.55
16 52 0.42
16 53 0.7
16 54 0.36
16 55 0.49
16 56 0.46
16 57 0.68
16 58 0.5
16 59 0.35
16 60 0.72
16 61 0.39
18 62 0.39
18 63 0.33
18 64 0.52
18 65 0.37
18 66 0.44
18 67 0.68
18 68 0.58
18 69 0.51
18 70 0.3
20 71 0.57
20 72 0.47
20 58 0.65
20 73 0.75
20 74 0.48
20 75 0.43
20 76 0.28
20 77 0.34
20 78 0.32
21 79 0.33
21 80 0.3
21 81 0.5
21 82 0.37
22 83 0.41
22 84 0.45
22 85 0.61
22 86 0.73
22 87 0.54
22 88 0.56
22 89 0.67
22 90 0.41
22 91 0.5
22 92 0.43
23 85 0.59
23 93 0.39
23 94 0.52
23 95 0.37
23 96 0.31
23 97 0.32
23 98 0.67
23 99 0.66
23 100 0.69
23 101 0.36
24 102 0.71
24 103 0.27
24 104 0.6
24 105 0.3
24 106 0.64
24 107 0.61
24 108 0.25
24 109 0.71
24 110 0.3
24 111 0.31
27 112 0.65
27 113 0.52
27 114 0.72
27 115 0.73
27 116 0.52
27 117 0.61
27 118 0.47
27 119 0.43
27 120 0.52
27 121 0.27
28 31 0.69
28 122 0.69
28 123 0.58
28 124 0.58
28 125 0.58
28 126 0.43
28 127 0.34
28 128 0.57
28 129 0.69
28 130 0.73
29 131 0.56
29 132 0.58
29 133 0.55
29 134 0.61
29 135 0.36
29 136 0.62
29 137 0.41
29 138 0.6
31 139 0.26
31 140 0.48
31 141 0.38
31 142 0.59
31 143 0.54
31 144 0.28
31 145 0.32
31 146 0.56
31 147 0.28
31 148 0.69
32 149 0.55
32 150 0.63
32 151 0.47
32 152 0.53
32 153 0.58
32 154 0.59
32 155 0.47
32 45 0.45
32 156 0.54
32 157 0.34
34 86 0.45
34 158 0.39
34 159 0.6
34 87 0.33
34 160 0.74
34 161 0.58
34 162 0.39
34 163 0.29
34 164 0.65
34 165 0.64
35 166 0.34
35 167 0.64
35 168 0.57
35 169 0.29
35 170 0.42
35 171 0.27
35 140 0.63
35 172 0.4
35 173 0.35
35 174 0.59
36 175 0.31
36 176 0.56
36 128 0.28
36 177 0.72
36 178 0.75
36 179 0.4
36 180 0.48
36 181 0.73
36 182 0.54
36 183 0.38
38 159 0.6
38 184 0.57
38 185 0.59
38 186 0.62
38 187 0.31
38 188 0.74
38 189 0.73
38 190 0.43
38 191 0.38
38 192 0.47
41 193 0.52
41 194 0.67
41 195 0.68
41 196 0.38
42 197 0.46
42 198 0.37
42 199 0.46
42 200 0.57
42 201 0.62
42 202 0.61
42 203 0.64
42 204 0.59
42 205 0.64
42 206 0.26
43 207 0.5
43 208 0.48
43 209 0.27
43 210 0.44
43 211 0.27
43 212 0.74
43 213 0.51
43 214 0.65
43 215 0.73
43 216 0.32
46 217 0.46
46 218 0.62
51 139 0.5
51 219 0.59
51 220 0.7
51 221 0.59
51 222 0.71
53 223 0.28
53 224 0.48
53 225 0.68
53 226 0.27
53 227 0.29
53 228 0.4
53 229 0.58
53 230 0.55
53 145 0.33
53 231 0.74
54 232 0.59
54 233 0.27
54 89 0.5
54 234 0.28
54 90 0.37
54 235 0.65
54 236 0.53
54 164 0.34
54 237 0.51
54 36 0.29
55 233 0.42
55 33 0.43
55 235 0.34
55 91 0.44
55 238 0.38
55 92 0.72
55 239 0.38
55 240 0.38
55 241 0.6
55 242 0.46
56 243 0.65
56 244 0.42
56 245 0.61
56 246 0.31
56 247 0.56
56 248 0.33
56 249 0.48
56 250 0.53
56 251 0.5
56 252 0.66
68 253 0.7
68 254 0.26
68 255 0.5
68 256 0.4
68 257 0.68
68 258 0.62
68 259 0.55
68 260 0.63
68 261 0.28
68 262 0.44
69 263 0.64
69 264 0.67
69 265 0.59
69 266 0.37
69 267 0.25
69 268 0.6
69 269 0.3
69 270 0.39
69 271 0.32
72 272 0.47
72 273 0.53
72 274 0.6
72 147 0.73
72 275 0.26
72 276 0.26
72 177 0.72
72 277 0.39
72 278 0.35
72 279 0.52
73 280 0.52
73 281 0.38
73 282 0.5
73 283 0.43
73 284 0.34
73 285 0.69
73 58 0.73
73 286 0.74
73 287 0.57
73 288 0.35
74 289 0.32
76 290 0.59
76 291 0.66
76 292 0.46
76 293 0.48
76 294 0.64
76 295 0.36
76 296 0.57
76 297 0.46
76 298 0.63
76 299 0.27
79 300 0.58
80 301 0.53
80 302 0.75
80 34 0.42
80 303 0.68
80 92 0.44
80 11 0.64
83 65 0.66
84 86 0.3
84 233 0.34
84 33 0.52
84 235 0.26
84 91 0.28
84 236 0.41
84 238 0.64
84 92 0.6
84 239 0.64
87 158 0.45
87 159 0.39
87 89 0.51
87 160 0.29
87 162 0.69
88 233 0.5
88 134 0.73
89 234 0.32
89 161 0.47
89 163 0.35
89 36 0.73
90 83 0.55
90 84 0.3
90 158 0.32
90 88 0.54
90 89 0.41
90 91 0.65
90 237 0.62
91 159 0.25
93 54 0.53
96 254 0.61
97 255 0.39
101 197 0.58
101 202 0.44
102 207 0.44
104 168 0.28
104 171 0.49
106 217 0.71
109 301 0.5
109 84 0.41
109 86 0.41
109 158 0.32
109 88 0.33
109 92 0.33
111 290 0.36
111 38 0.4
111 57 0.36
113 86 0.51
113 162 0.33
113 91 0.69
113 236 0.3
113 165 0.32
126 165 0.41
127 53 0.54
128 126 0.32
132 109 0.57
142 148 0.44
152 34 0.43
152 160 0.6
152 235 0.38
152 92 0.68
152 239 0.62
152 36 0.55
153 164 0.56
153 11 0.26
157 43 0.28
158 124 0.6
159 83 0.36
159 89 0.43
159 163 0.67
160 84 0.69
160 162 0.56
160 184 0.55
160 134 0.74
163 301 0.27
163 84 0.51
163 236 0.61
163 36 0.31
165 84 0.42
165 88 0.49
165 234 0.48
165 303 0.39
165 164 0.64
165 11 0.34
176 92 0.47
178 67 0.53
184 217 0.37
189 301 0.63
189 232 0.34
190 261 0.48
202 199 0.39
217 44 0.71
221 193 0.68
232 87 0.56
232 161 0.57
232 162 0.32
232 91 0.49
233 232 0.66
233 302 0.58
233 303 0.74
233 237 0.46
234 84 0.43
234 33 0.37
234 34 0.5
234 238 0.6
234 36 0.35
235 301 0.33
235 232 0.39
235 159 0.33
235 11 0.35
236 91 0.66
237 301 0.26
237 87 0.74
237 238 0.5
237 184 0.5
238 158 0.53
238 159 0.67
238 233 0.34
238 91 0.48
238 163 0.31
240 114 0.52
242 87 0.57
242 92 0.71
242 36 0.68
243 153 0.32
246 280 0.54
246 158 0.44
246 159 0.67
246 91 0.48
246 134 0.44
246 275 0.6
252 65 0.28
252 144 0.45
262 301 0.46
262 158 0.43
262 239 0.66
262 237 0.55
264 201 0.32
277 254 0.53
284 231 0.37
286 302 0.28
286 234 0.34
286 238 0.39
286 92 0.67
288 114 0.63
293 260 0.35
295 273 0.28
301 302 0.41
301 225 0.58
302 85 0.38
302 86 0.3
302 158 0.47
302 161 0.28
302 91 0.36
302 236 0.49
302 163 0.57
